XE: 48.503784
YE: 72.430878
distance: 17.641212
